sys = [0.5950 + 0.4323i   0.8588 + 0.2078i   0.8888 - 0.1342i   0.7171 - 0.3710i   0.5392 - 0.4466i 0.3339 - 0.4382i   0.2177 - 0.3880i   0.1092 - 0.2956i   0.0296 - 0.1614i  0.01089 - 0.098901i];